

182





45
164 105 136

40
89 130 141

17
61

70
51 142 84

124 12 58
132
179 94





160 123

56


116 42 107 125

122 187
183 82
62 188




41

103 63 55 140 174 1 139


124 20 21 58
35 33
135 145 60


85 86
114
9 173 134

166 26 120 165 30 162
76 113


178
78


68 24
108 90 119 8

109 115
149

15
73 77 186 181 37

128 157 106 69
91 184 92 43 177 138
47



2

99 13
121
71



57 151
163 169
148
168 32 29 180 28 150 72 23

155 137

179


23

53 127
10 81 0 14 16
74
152 98


80



176 52 36
171 144 185 167
175
56 6

111 8 65
95

112

75 97
56

7


96




11

129 133 79




143




146 153





131 88 19 147 104 50
66

83 44 48
22 159

5 161
54 93

3

154 64 158


156 56
126 117
38



170 27
110
31

67
10 81 0 14 16 100 172
59

18

25
101


49
87


39 4 46 34
118

