100 173
44
79
157
186
154
112
122
114 65
54
100 173
130
20
81
100 173
70
100 173
14
176
148
47
47
152
90 97
64
178
56
168
90
90
56
170
90
48
186
48
109
71
164
186
11
42
33
74
151
8
186
75
151
182
148
18
109
99
155
44
120 30 162 112
87
20 47
174
49
15
37
44
159
114
149
172
64
73
17
83
90
71
101
119
57
71
61
132
105
100 173
36
151
18
52
52
183
148
12
65
74
74
155
22
115
125
119
102
81
173
179

44
148
9
73
33
65
67
169
114
117
57
53
67
33
163
187
65
56
82
35
28
20 47
33
163
99
73
132
12
148
21
132
54
49
9
92
74
44
44
12
18
137
110
49
142
148
89
68
90
87
102
142
159
92
162
73
159
152
28
154
56
88
9
56
56
110
90
88
168
110
173
54
44
111
109
74
60
94 22
90
71
2
36
74
110
71
35
37
